1.025630813091993332e-02
1.025632768869400024e-02
1.025634445250034332e-02
1.025636494159698486e-02
1.026090793311595917e-02
1.026184484362602234e-02
1.026372704654932022e-02
1.026930287480354309e-02
1.027978025376796722e-02
1.031017303466796875e-02
1.034123823046684265e-02
1.039804518222808838e-02
1.045558415353298187e-02
1.065983995795249939e-02
1.097706612199544907e-02
1.145814172923564911e-02
1.211773790419101715e-02
1.331300754100084305e-02
1.555322669446468353e-02
1.646339334547519684e-02
2.387759648263454437e-02
2.894436195492744446e-02
3.303302079439163208e-02
3.852835297584533691e-02
4.979022592306137085e-02
6.894619762897491455e-02
8.182884007692337036e-02
1.053941398859024048e-01
1.260189265012741089e-01
1.372356712818145752e-01
1.582577228546142578e-01
2.283812314271926880e-01
2.460665553808212280e-01
1.692024767398834229e-01
2.183943688869476318e-01
1.007531508803367615e-01
2.082385569810867310e-01
2.959361672401428223e-01
3.110349774360656738e-01
3.246908187866210938e-01
2.979700565338134766e-01
3.473090827465057373e-01
3.621924519538879395e-01
3.706834316253662109e-01
3.971739709377288818e-01
3.667906522750854492e-01
4.154061377048492432e-01
1.812009364366531372e-01
4.280325472354888916e-01
2.839990556240081787e-01
3.846163451671600342e-01
4.210425615310668945e-01
3.676682710647583008e-01
1.798409968614578247e-01
4.556752741336822510e-01
4.218838214874267578e-01
2.260181903839111328e-01
4.985404312610626221e-01
4.052442014217376709e-01
3.645492792129516602e-01
2.549859285354614258e-01
2.949819266796112061e-01
2.618538141250610352e-01
5.180544853210449219e-01
5.336479544639587402e-01
4.750808179378509521e-01
5.421836972236633301e-01
4.805808365345001221e-01
3.474784195423126221e-01
5.628724694252014160e-01
3.169738352298736572e-01
5.465260744094848633e-01
5.759551525115966797e-01
5.821020007133483887e-01
2.691155672073364258e-01
3.453992307186126709e-01
4.425585269927978516e-01
4.139571785926818848e-01
6.003015637397766113e-01
6.035234332084655762e-01
3.590941429138183594e-01
4.345930516719818115e-01
6.250063776969909668e-01
4.017679691314697266e-01
5.337639451026916504e-01
5.676398277282714844e-01
5.920981764793395996e-01
6.453993916511535645e-01
6.489835381507873535e-01
6.249183416366577148e-01
5.296206474304199219e-01
4.982604682445526123e-01
6.441937088966369629e-01
6.571160554885864258e-01
6.099394559860229492e-01
3.518980443477630615e-01
4.208143055438995361e-01
6.649297475814819336e-01
6.690689325332641602e-01
5.829357504844665527e-01
4.636742770671844482e-01
6.437739133834838867e-01
6.551383137702941895e-01
6.723335385322570801e-01
6.732840538024902344e-01
6.302307248115539551e-01
6.736121177673339844e-01
4.805624485015869141e-01
4.911602139472961426e-01
5.275010466575622559e-01
6.299859285354614258e-01
4.767868816852569580e-01
4.738724827766418457e-01
4.723370373249053955e-01
4.681619703769683838e-01
6.349059939384460449e-01
6.390696167945861816e-01
4.107876121997833252e-01
6.138957738876342773e-01
5.055831670761108398e-01
6.392177939414978027e-01
6.618801951408386230e-01
4.855503737926483154e-01
6.873341798782348633e-01
7.120463252067565918e-01
6.316742300987243652e-01
6.503580808639526367e-01
6.958617568016052246e-01
7.082524895668029785e-01
5.223635435104370117e-01
6.757588386535644531e-01
5.676568150520324707e-01
6.367632746696472168e-01
6.696813106536865234e-01
6.994461417198181152e-01
4.883750379085540771e-01
5.603116750717163086e-01
7.149245142936706543e-01
7.208105325698852539e-01
7.074589729309082031e-01
6.377410292625427246e-01
7.005635499954223633e-01
6.800382137298583984e-01
6.390376687049865723e-01
7.192124128341674805e-01
6.509618163108825684e-01
7.107543349266052246e-01
7.164570093154907227e-01
6.838356256484985352e-01
6.606262922286987305e-01
6.962280273437500000e-01
7.192701101303100586e-01
7.024313211441040039e-01
7.248813509941101074e-01
7.301321625709533691e-01
6.898468732833862305e-01
7.105664014816284180e-01
7.204063534736633301e-01
7.107997536659240723e-01
5.822351574897766113e-01
6.139761805534362793e-01
5.864515304565429688e-01
7.334858179092407227e-01
5.737091302871704102e-01
6.069384813308715820e-01
6.645852923393249512e-01
7.179933786392211914e-01
7.296253442764282227e-01
7.369463443756103516e-01
5.694593787193298340e-01
6.898857951164245605e-01
7.183609604835510254e-01
7.215822339057922363e-01
6.950342059135437012e-01
7.375411987304687500e-01
5.778414011001586914e-01
7.310498356819152832e-01
7.347627282142639160e-01
7.414503693580627441e-01
7.301521897315979004e-01
6.835143566131591797e-01
7.412855625152587891e-01
6.961803436279296875e-01
7.478554248809814453e-01
7.512912154197692871e-01
6.200687289237976074e-01
6.635356545448303223e-01
6.890615224838256836e-01
7.409899830818176270e-01
7.477137446403503418e-01
6.357663273811340332e-01
7.268598675727844238e-01
7.341496944427490234e-01
7.399560213088989258e-01
5.905719399452209473e-01
5.640107989311218262e-01
7.315214276313781738e-01
7.420661449432373047e-01
7.499059438705444336e-01
7.529630661010742188e-01
5.896865725517272949e-01
7.266528010368347168e-01
6.375317573547363281e-01
6.598235368728637695e-01
7.185044884681701660e-01
7.053838372230529785e-01
7.464022636413574219e-01
7.472833395004272461e-01
7.527217268943786621e-01
7.436547875404357910e-01
6.081228852272033691e-01
7.295442819595336914e-01
7.417216897010803223e-01
7.224678397178649902e-01
7.562665343284606934e-01
6.593858599662780762e-01
7.331343293190002441e-01
7.419722676277160645e-01
7.484228014945983887e-01
7.522043585777282715e-01
6.633819937705993652e-01
7.234023213386535645e-01
7.428879141807556152e-01
7.487249970436096191e-01
6.302122473716735840e-01
6.776664853096008301e-01
7.139968872070312500e-01
7.298822999000549316e-01
7.375230193138122559e-01
7.365421652793884277e-01
6.452465057373046875e-01
7.064756751060485840e-01
6.905196309089660645e-01
6.964914798736572266e-01
7.040097117424011230e-01
6.704434752464294434e-01
7.512280344963073730e-01
7.465698122978210449e-01
7.290381193161010742e-01
7.219566106796264648e-01
7.017719745635986328e-01
7.317369580268859863e-01
6.923754811286926270e-01
7.473526000976562500e-01
6.270473599433898926e-01
7.260987162590026855e-01
7.038411498069763184e-01
7.559936642646789551e-01
7.617563605308532715e-01
7.079402208328247070e-01
6.409993171691894531e-01
7.238466739654541016e-01
6.837698817253112793e-01
7.458467483520507812e-01
7.495266795158386230e-01
6.885587573051452637e-01
7.314233779907226562e-01
7.433406710624694824e-01
7.363808751106262207e-01
6.505905389785766602e-01
7.414649128913879395e-01
7.589671015739440918e-01
6.697692871093750000e-01
7.663720250129699707e-01
7.676392793655395508e-01
6.659554839134216309e-01
6.704915761947631836e-01
7.333916425704956055e-01
7.192286849021911621e-01
7.337870001792907715e-01
7.109927535057067871e-01
7.521483898162841797e-01
7.584384083747863770e-01
7.554828524589538574e-01
7.438108921051025391e-01
7.423539161682128906e-01
7.540596127510070801e-01
7.639437317848205566e-01
7.370741963386535645e-01
7.614033818244934082e-01
6.698152422904968262e-01
7.434917092323303223e-01
7.025582194328308105e-01
7.239950895309448242e-01
7.658194303512573242e-01
6.277101039886474609e-01
7.355963587760925293e-01
7.104709744453430176e-01
6.628907918930053711e-01
6.448534727096557617e-01
7.135587334632873535e-01
7.467081546783447266e-01
7.598575353622436523e-01
7.646980881690979004e-01
7.552651166915893555e-01
6.767201423645019531e-01
6.878885030746459961e-01
7.230934500694274902e-01
7.252864241600036621e-01
7.304239869117736816e-01
7.148148417472839355e-01
7.537322044372558594e-01
7.615242004394531250e-01
7.438664436340332031e-01
7.627928853034973145e-01
6.954959630966186523e-01
7.465250492095947266e-01
7.173286676406860352e-01
7.403747439384460449e-01
7.546597719192504883e-01
6.979969739913940430e-01
7.414398193359375000e-01
7.516511678695678711e-01
7.028629183769226074e-01
7.609608173370361328e-01
7.082297205924987793e-01
7.609996795654296875e-01
7.657157182693481445e-01
7.690312266349792480e-01
7.711671590805053711e-01
6.956576704978942871e-01
7.471974492073059082e-01
7.364801168441772461e-01
7.487206459045410156e-01
7.710793018341064453e-01
6.050925254821777344e-01
7.340760827064514160e-01
6.662048101425170898e-01
7.630208134651184082e-01
7.394576668739318848e-01
6.831505298614501953e-01
7.545303702354431152e-01
7.597942352294921875e-01
7.235770225524902344e-01
7.680026292800903320e-01
7.113822698593139648e-01
7.639135718345642090e-01
7.671701312065124512e-01
7.609695196151733398e-01
7.095889449119567871e-01
6.881988048553466797e-01
7.357379794120788574e-01
7.420473098754882812e-01
7.687365412712097168e-01
6.997969746589660645e-01
7.198255658149719238e-01
7.554971575736999512e-01
7.279441952705383301e-01
7.712211012840270996e-01
7.458091974258422852e-01
7.485582828521728516e-01
7.595665454864501953e-01
7.145166397094726562e-01
7.685256004333496094e-01
7.720691561698913574e-01
6.853117346763610840e-01
7.152649760246276855e-01
7.650200128555297852e-01
7.513945102691650391e-01
6.472789049148559570e-01
7.113002538681030273e-01
7.446596026420593262e-01
6.850613951683044434e-01
6.996724009513854980e-01
7.408100366592407227e-01
7.078328728675842285e-01
7.118826508522033691e-01
7.593384981155395508e-01
7.646265029907226562e-01
7.084266543388366699e-01
7.254726886749267578e-01
7.368944287300109863e-01
7.288398742675781250e-01
7.523130774497985840e-01
7.438482642173767090e-01
7.405812144279479980e-01
7.492434978485107422e-01
7.634373903274536133e-01
7.668408155441284180e-01
7.718590497970581055e-01
7.241624593734741211e-01
6.179283857345581055e-01
7.482337355613708496e-01
7.578212022781372070e-01
7.613651156425476074e-01
6.944139003753662109e-01
7.250372767448425293e-01
7.209928631782531738e-01
7.471516728401184082e-01
7.034200429916381836e-01
7.460020780563354492e-01
7.683364152908325195e-01
7.697038054466247559e-01
7.527423501014709473e-01
7.727978229522705078e-01
7.250605821609497070e-01
7.481188178062438965e-01
7.666469812393188477e-01
7.458236813545227051e-01
7.739589214324951172e-01
6.656289696693420410e-01
7.410379052162170410e-01
7.696046829223632812e-01
7.719972133636474609e-01
7.788550853729248047e-01
7.245134711265563965e-01
7.361860871315002441e-01
7.651280164718627930e-01
7.498475909233093262e-01
7.712965011596679688e-01
6.203985214233398438e-01
7.054487466812133789e-01
7.357124686241149902e-01
7.410795688629150391e-01
6.955648660659790039e-01
7.249940633773803711e-01
7.635645866394042969e-01
7.668871879577636719e-01
7.631568908691406250e-01
7.517266869544982910e-01
7.236303091049194336e-01
6.114770770072937012e-01
7.494716048240661621e-01
7.540456652641296387e-01
7.423104047775268555e-01
7.080687284469604492e-01
7.591577172279357910e-01
7.318484187126159668e-01
7.576426863670349121e-01
7.714218497276306152e-01
6.926239728927612305e-01
7.218443751335144043e-01
7.461230158805847168e-01
7.545412778854370117e-01
7.630406022071838379e-01
7.311658859252929688e-01
7.470706701278686523e-01
6.746901869773864746e-01
7.625361680984497070e-01
7.493404746055603027e-01
7.367934584617614746e-01
7.691225409507751465e-01
7.714108824729919434e-01
7.652618885040283203e-01
6.996963620185852051e-01
6.924846768379211426e-01
7.376480698585510254e-01
7.284701466560363770e-01
7.360938787460327148e-01
7.343100905418395996e-01
7.056011557579040527e-01
7.619891762733459473e-01
7.729373574256896973e-01
7.749611735343933105e-01
7.777144908905029297e-01
7.051638960838317871e-01
7.234812378883361816e-01
7.433828711509704590e-01
7.641974687576293945e-01
7.473167181015014648e-01
7.292215824127197266e-01
7.287252545356750488e-01
7.527779936790466309e-01
7.560886144638061523e-01
7.650403380393981934e-01
6.897929310798645020e-01
7.283710241317749023e-01
7.517963647842407227e-01
7.646495103836059570e-01
7.361514568328857422e-01
6.846204400062561035e-01
7.263048887252807617e-01
7.510222196578979492e-01
7.047145366668701172e-01
7.658159136772155762e-01
7.202386260032653809e-01
7.349800467491149902e-01
7.563924193382263184e-01
7.359433174133300781e-01
7.498178482055664062e-01
6.716874241828918457e-01
7.466056942939758301e-01
7.511343955993652344e-01
7.538809776306152344e-01
7.504814863204956055e-01
6.930598020553588867e-01
7.465214729309082031e-01
7.670025825500488281e-01
7.704510688781738281e-01
7.725996375083923340e-01
7.026439905166625977e-01
7.481136322021484375e-01
7.517984509468078613e-01
7.371261715888977051e-01
7.125635147094726562e-01
7.107836008071899414e-01
7.568720579147338867e-01
7.749157547950744629e-01
6.574069261550903320e-01
7.645480036735534668e-01
7.204492092132568359e-01
7.211418747901916504e-01
7.272878289222717285e-01
7.367118000984191895e-01
7.669952511787414551e-01
6.945697069168090820e-01
7.375267148017883301e-01
7.340856790542602539e-01
7.511572837829589844e-01
7.549375295639038086e-01
7.112011909484863281e-01
7.548994421958923340e-01
7.509624958038330078e-01
7.686196565628051758e-01
7.772350311279296875e-01
7.297077178955078125e-01
7.556602954864501953e-01
7.559009790420532227e-01
7.605215907096862793e-01
7.571836709976196289e-01
6.606884002685546875e-01
7.404952645301818848e-01
7.523384094238281250e-01
7.614132165908813477e-01
7.579417824745178223e-01
7.228542566299438477e-01
7.356012463569641113e-01
7.107058167457580566e-01
7.045728564262390137e-01
7.734622955322265625e-01
7.300854325294494629e-01
7.611780762672424316e-01
7.366649508476257324e-01
7.766752839088439941e-01
6.866785883903503418e-01
7.304162979125976562e-01
7.546682953834533691e-01
7.314361333847045898e-01
7.648857235908508301e-01
7.667367458343505859e-01
7.123404741287231445e-01
7.188212275505065918e-01
7.526030540466308594e-01
7.466781139373779297e-01
7.682293057441711426e-01
7.160893678665161133e-01
5.865280032157897949e-01
7.487000226974487305e-01
7.587020993232727051e-01
7.363114953041076660e-01
6.991651058197021484e-01
7.606518268585205078e-01
7.652373313903808594e-01
7.633885145187377930e-01
7.668211460113525391e-01
7.213077545166015625e-01
7.488260269165039062e-01
7.515892386436462402e-01
7.292158007621765137e-01
7.657876610755920410e-01
7.145971059799194336e-01
7.360572218894958496e-01
7.582471966743469238e-01
6.787124276161193848e-01
7.204471826553344727e-01
7.186799049377441406e-01
7.588536739349365234e-01
7.320403456687927246e-01
7.727398276329040527e-01
7.717750668525695801e-01
6.734908819198608398e-01
7.102372646331787109e-01
7.664765715599060059e-01
7.318768501281738281e-01
7.664721012115478516e-01
6.644260287284851074e-01
7.189595103263854980e-01
7.161200046539306641e-01
7.126231193542480469e-01
7.515536546707153320e-01
7.509422898292541504e-01
7.625128030776977539e-01
7.385208010673522949e-01
7.603823542594909668e-01
7.705958485603332520e-01
6.405878067016601562e-01
7.295702099800109863e-01
7.434118986129760742e-01
7.551269531250000000e-01
6.702898740768432617e-01
6.962245106697082520e-01
7.242928147315979004e-01
7.186299562454223633e-01
7.560818195343017578e-01
7.615736126899719238e-01
7.218127250671386719e-01
7.447679042816162109e-01
7.394702434539794922e-01
7.455605864524841309e-01
7.625885009765625000e-01
7.413063049316406250e-01
7.201983332633972168e-01
7.711654901504516602e-01
7.499270439147949219e-01
7.166642546653747559e-01
7.049114704132080078e-01
7.372025251388549805e-01
7.270814776420593262e-01
7.528858184814453125e-01
7.571843862533569336e-01
7.509549856185913086e-01
7.521936297416687012e-01
7.708481550216674805e-01
7.725461125373840332e-01
7.312838435173034668e-01
6.761213541030883789e-01
7.458133697509765625e-01
7.427674531936645508e-01
7.629574537277221680e-01
7.492512464523315430e-01
7.632498741149902344e-01
7.797731757164001465e-01
6.547024250030517578e-01
7.841265797615051270e-01
7.437879443168640137e-01
7.125760912895202637e-01
7.460600733757019043e-01
7.422677278518676758e-01
7.697028517723083496e-01
7.710180282592773438e-01
6.822027564048767090e-01
7.568462491035461426e-01
7.612463235855102539e-01
7.669420838356018066e-01
7.686436176300048828e-01
6.508828401565551758e-01
7.683901786804199219e-01
7.742763757705688477e-01
7.570852637290954590e-01
7.673356533050537109e-01
6.840170621871948242e-01
7.481729388236999512e-01
7.522037029266357422e-01
6.797369718551635742e-01
7.217233180999755859e-01
7.267760634422302246e-01
7.698566913604736328e-01
7.709969282150268555e-01
7.552081942558288574e-01
7.660135030746459961e-01
7.022731900215148926e-01
7.413973212242126465e-01
7.283893227577209473e-01
7.270456552505493164e-01
7.599048614501953125e-01
7.317769527435302734e-01
6.406131982803344727e-01
7.665302753448486328e-01
7.693683505058288574e-01
7.732400894165039062e-01
7.505207061767578125e-01
7.568854093551635742e-01
7.680335640907287598e-01
7.689694762229919434e-01
7.687204480171203613e-01
7.217255234718322754e-01
7.559425830841064453e-01
7.590937614440917969e-01
7.669922113418579102e-01
7.657674551010131836e-01
7.177234292030334473e-01
7.482541799545288086e-01
7.617093324661254883e-01
7.744969129562377930e-01
7.717556953430175781e-01
6.875211596488952637e-01
7.643858194351196289e-01
7.682684063911437988e-01
7.497339248657226562e-01
7.784448266029357910e-01
7.119899392127990723e-01
7.629150152206420898e-01
7.755338549613952637e-01
7.794082760810852051e-01
7.847734689712524414e-01
7.262622714042663574e-01
7.683357596397399902e-01
6.877261400222778320e-01
7.754330039024353027e-01
7.802438735961914062e-01
6.936372518539428711e-01
7.268784642219543457e-01
7.428361177444458008e-01
7.454963326454162598e-01
7.490853071212768555e-01
7.193614244461059570e-01
7.615890502929687500e-01
7.529265880584716797e-01
7.387759089469909668e-01
7.590594291687011719e-01
6.915346980094909668e-01
7.267037630081176758e-01
7.484585046768188477e-01
6.985412240028381348e-01
7.520481348037719727e-01
6.824844479560852051e-01
7.405470609664916992e-01
7.536354064941406250e-01
7.634892463684082031e-01
7.675732970237731934e-01
7.422158122062683105e-01
7.618061900138854980e-01
7.731277346611022949e-01
7.786577939987182617e-01
7.458288669586181641e-01
7.001802325248718262e-01
7.590071558952331543e-01
7.662182450294494629e-01
7.696328759193420410e-01
7.370588183403015137e-01
7.142816781997680664e-01
7.342473864555358887e-01
7.607155442237854004e-01
7.660070657730102539e-01
7.658874988555908203e-01
7.198833227157592773e-01
7.640160322189331055e-01
7.341611981391906738e-01
7.733415961265563965e-01
7.789996862411499023e-01
7.388880252838134766e-01
7.660422921180725098e-01
7.807835936546325684e-01
7.704384326934814453e-01
7.649757862091064453e-01
7.258988022804260254e-01
7.682595849037170410e-01
7.309362292289733887e-01
7.686479091644287109e-01
7.807562351226806641e-01
7.682375907897949219e-01
7.846698760986328125e-01
7.898342013359069824e-01
7.846990227699279785e-01
7.909884452819824219e-01
7.057977318763732910e-01
7.425050139427185059e-01
7.496994733810424805e-01
7.472688555717468262e-01
7.320468425750732422e-01
7.297033667564392090e-01
7.580034732818603516e-01
7.712314724922180176e-01
7.662416100502014160e-01
7.289683222770690918e-01
7.315966486930847168e-01
7.707322239875793457e-01
7.761633992195129395e-01
7.811800241470336914e-01
7.829514145851135254e-01
7.290728092193603516e-01
7.401893734931945801e-01
7.605904340744018555e-01
7.637392878532409668e-01
7.720316052436828613e-01
6.977933645248413086e-01
7.442709803581237793e-01
7.232904434204101562e-01
7.479293942451477051e-01
7.632520794868469238e-01
6.530044674873352051e-01
7.231025695800781250e-01
7.478606700897216797e-01
7.498605847358703613e-01
7.561314105987548828e-01
6.614857316017150879e-01
6.946967840194702148e-01
7.233192920684814453e-01
7.275885343551635742e-01
7.369645237922668457e-01
7.223108410835266113e-01
7.499167919158935547e-01
7.430668473243713379e-01
7.612203359603881836e-01
7.668918371200561523e-01
7.455619573593139648e-01
7.646533846855163574e-01
7.486397027969360352e-01
7.755766510963439941e-01
7.704145908355712891e-01
7.045521140098571777e-01
7.542313337326049805e-01
7.739692926406860352e-01
7.775979638099670410e-01
7.718732953071594238e-01
7.256256937980651855e-01
7.552619576454162598e-01
7.654253244400024414e-01
7.693116664886474609e-01
7.732103466987609863e-01
